0 0.653793 0.496036 0.489859 0.992071
0 0.16677 0.534558 0.333539 0.908095
0 0.232988 0.495359 0.465976 0.990718
0 0.292732 0.498458 0.472099 0.996916
0 0.362565 0.575222 0.419505 0.770103
0 0.463914 0.60575 0.4234 0.733808
0 0.490459 0.608221 0.412127 0.718588
0 0.492689 0.607497 0.398321 0.695645
0 0.4778 0.637948 0.377824 0.652623 1
0 0.488828 0.648027 0.36923 0.633967 1
0 0.484022 0.648168 0.343616 0.634889 1
0 0.477041 0.650183 0.346743 0.634675 1
0 0.474194 0.650911 0.354136 0.635161 1
0 0.471729 0.650317 0.363743 0.644742 1
0 0.470922 0.649577 0.369322 0.652099 1
0 0.471113 0.649308 0.368873 0.650808 1
0 0.471397 0.651465 0.364105 0.643672 1
0 0.471531 0.652054 0.3621 0.640879 1
0 0.469817 0.66765 0.387331 0.647957 1
0 0.469376 0.67336 0.394527 0.650533 1
0 0.469232 0.675116 0.39691 0.649767 1
0 0.468892 0.661036 0.377991 0.642866 1
0 0.468369 0.655492 0.371604 0.642545 1
0 0.468312 0.653426 0.369222 0.64302 1
0 0.46753 0.667948 0.390935 0.647684 1
0 0.46728 0.67253 0.399957 0.65051 1
0 0.4672 0.674685 0.403043 0.650629 1
0 0.466681 0.675179 0.404529 0.649642 1
0 0.467248 0.661441 0.381253 0.641026 1
0 0.433281 0.649427 0.403879 0.659078 1
0 0.421537 0.645023 0.409337 0.648037 1
0 0.439661 0.646946 0.371215 0.637509 1
0 0.444199 0.644309 0.370916 0.649424 1
0 0.446577 0.643172 0.369756 0.653246 1
0 0.447424 0.643541 0.368504 0.654989 1
0 0.447949 0.644096 0.367383 0.654738 1
0 0.448817 0.644572 0.363795 0.656608 1
0 0.449424 0.645242 0.358729 0.661851 1
0 0.43867 0.644879 0.331068 0.661179 1
0 0.43214 0.643986 0.330695 0.666624 1
0 0.428138 0.644027 0.33944 0.66793 1
0 0.407662 0.597072 0.364199 0.720375 1
0 0.405099 0.53203 0.45438 0.89957 1
0 0.403795 0.504954 0.485159 0.963027 1
0 0.421073 0.632755 0.391786 0.714432 1
0 0.689599 0.5 0.474976 1
0 0.649702 0.5 0.463936 1
0 0.644182 0.5 0.454456 1
0 0.273304 0.699595 0.238702 0.412612
0 0.258602 0.566048 0.235949 0.428589
0 0.257471 0.555875 0.249121 0.44271
0 0.261295 0.543871 0.256303 0.461348
0 0.27481 0.545235 0.244559 0.461688
0 0.279151 0.54892 0.239078 0.460822
0 0.278962 0.547514 0.239107 0.464117
0 0.277873 0.546745 0.238884 0.459971
0 0.277479 0.547355 0.24173 0.465723
0 0.277695 0.546612 0.242331 0.466689
0 0.277348 0.546463 0.242437 0.464035
0 0.277688 0.545987 0.241722 0.463579
0 0.277348 0.546678 0.242166 0.461006
0 0.277865 0.546608 0.241018 0.461898
0 0.278021 0.546794 0.24025 0.464828
