0 0.139764 0.720191 0.207118 0.53296 1
0 0.28781 0.64092 0.427221 0.707301
0 0.343402 0.607948 0.394998 0.71392
0 0.362567 0.608086 0.395891 0.705902 2
0 0.367036 0.61051 0.389935 0.703427 2
0 0.3897 0.616972 0.36367 0.699427 2
0 0.397586 0.63543 0.366403 0.692865 2
0 0.399814 0.640702 0.366834 0.68284 2
0 0.399717 0.641746 0.36872 0.676689 2
0 0.398394 0.64194 0.373957 0.667047 2
0 0.397459 0.642596 0.375793 0.661264 2
0 0.396632 0.644613 0.374526 0.651862 2
0 0.397466 0.644367 0.367846 0.635167 2
0 0.396766 0.644379 0.368745 0.629952 2
0 0.396238 0.645581 0.369476 0.632511 2
0 0.395687 0.64626 0.371719 0.634272 2
0 0.395342 0.646012 0.372298 0.635056 2
0 0.394497 0.648663 0.373253 0.636786 2
0 0.394902 0.650466 0.36849 0.634211 2
0 0.409424 0.656853 0.35121 0.622489 2
0 0.415832 0.670164 0.36547 0.625447 2
0 0.418461 0.677637 0.369374 0.629914 2
0 0.419859 0.68085 0.368622 0.63037 2
0 0.420389 0.684229 0.365027 0.622771 2
0 0.422115 0.688564 0.351415 0.610777 2
0 0.422122 0.701357 0.363825 0.594107 2
0 0.426526 0.695245 0.340495 0.595957 2
0 0.42479 0.704827 0.342705 0.582834 2
0 0.422844 0.708298 0.346474 0.57688 2
0 0.420607 0.711099 0.343957 0.570058 2
0 0.408713 0.710028 0.333779 0.572434 2
0 0.402894 0.714168 0.330013 0.560862 2
0 0.399485 0.718776 0.325949 0.544544 2
0 0.393284 0.721585 0.303146 0.521644 2
0 0.391624 0.722917 0.295232 0.514168 2
0 0.386877 0.724382 0.302179 0.513881 2
0 0.386367 0.728919 0.303856 0.512122 2
0 0.388204 0.728749 0.299313 0.512268 2
0 0.390043 0.725503 0.295007 0.514735 2
0 0.390867 0.725168 0.294266 0.516361 2
0 0.386149 0.716461 0.304667 0.53201 2
0 0.380046 0.711731 0.330115 0.563781 2
0 0.377087 0.707706 0.345624 0.580734 2
0 0.373288 0.706568 0.365693 0.586416 2
0 0.370834 0.706811 0.385316 0.586349 2
0 0.373779 0.692956 0.367848 0.595365 2
0 0.38798 0.686352 0.378018 0.608906 2
0 0.393707 0.679957 0.391228 0.633253 2
0 0.408349 0.664284 0.38266 0.621859 2
0 0.417563 0.655249 0.376758 0.620319 2
0 0.384114 0.690247 0.383444 0.583018 2
0 0.37662 0.703277 0.388917 0.584453 2
0 0.374674 0.708203 0.384572 0.583594 2
0 0.373274 0.709343 0.382186 0.581313 2
0 0.374991 0.710228 0.368897 0.579545 2
0 0.375862 0.709827 0.364608 0.580345 2
0 0.376823 0.710309 0.358793 0.579382 2
0 0.378138 0.709225 0.353943 0.58155 2
0 0.379894 0.710218 0.344202 0.579564 2
0 0.390945 0.712318 0.353124 0.575151 2
0 0.396891 0.709657 0.353737 0.577724 2
0 0.401178 0.707147 0.354246 0.581588 2
0 0.405057 0.706128 0.343735 0.578705 2
0 0.405842 0.70549 0.339754 0.577013 2
0 0.418837 0.693285 0.343301 0.588023 2
0 0.425603 0.687378 0.341213 0.596608 2
0 0.427552 0.683655 0.33811 0.602969 2
0 0.425087 0.682781 0.333104 0.603825 2
0 0.41652 0.685953 0.316558 0.591279 2
0 0.403674 0.700722 0.337721 0.576368 2
0 0.390587 0.710957 0.322918 0.559738 2
0 0.383588 0.724733 0.316418 0.52303 2
0 0.379707 0.728371 0.320205 0.513173 2
0 0.378573 0.729548 0.321663 0.510263 2
0 0.381181 0.724942 0.321425 0.526379 2
0 0.390415 0.716458 0.340133 0.546218 2
0 0.397088 0.709529 0.351373 0.5661 2
0 0.404429 0.695771 0.335816 0.581219 2
0 0.404278 0.690203 0.324461 0.588742 2
0 0.392464 0.702382 0.313201 0.574315 2
0 0.387232 0.708431 0.313226 0.568209 2
0 0.383425 0.714259 0.314704 0.551888 2
0 0.376108 0.726146 0.291471 0.509081 2
0 0.372816 0.728051 0.283353 0.498057 2
0 0.379074 0.728806 0.299959 0.505457 2
0 0.383679 0.718722 0.306288 0.537178 2
0 0.395172 0.711381 0.336588 0.563524 2
0 0.40723 0.697696 0.324706 0.579703 2
0 0.41611 0.689546 0.342099 0.600467 2
0 0.392976 0.705786 0.329904 0.568255 2
0 0.382777 0.720032 0.326935 0.534709 2
0 0.392174 0.712575 0.344084 0.564438 2
0 0.379444 0.725481 0.304032 0.520255 2
0 0.372713 0.733452 0.332127 0.513573 2
0 0.403761 0.699693 0.336519 0.585506 2
0 0.399624 0.70396 0.331096 0.580409 2
0 0.399797 0.70609 0.340609 0.57721 2
0 0.414401 0.693754 0.337738 0.588182 2
0 0.405928 0.701268 0.336778 0.578863 2
0 0.401061 0.705424 0.335452 0.577264 2
0 0.395314 0.714327 0.309256 0.549183 2
0 0.412969 0.697941 0.318026 0.569756 2
0 0.415945 0.692923 0.29845 0.571972 2
0 0.396039 0.715849 0.301266 0.540923 2
0 0.399877 0.71033 0.319618 0.554929 2
0 0.418256 0.693155 0.325292 0.5872 2
0 0.423543 0.685578 0.330623 0.600847 2
0 0.408293 0.701153 0.332303 0.584543 2
0 0.40288 0.706271 0.329152 0.579158 2
0 0.401893 0.708437 0.325764 0.572486 2
0 0.403895 0.70842 0.322658 0.5684 2
0 0.404823 0.708129 0.321076 0.56863 2
0 0.404126 0.708309 0.320931 0.567239 2
0 0.403385 0.707738 0.322439 0.566677 2
0 0.401276 0.708466 0.32679 0.570122 2
0 0.400424 0.709724 0.328154 0.570505 2
0 0.400809 0.710011 0.328143 0.569241 2
0 0.401274 0.709088 0.325954 0.5699 2
0 0.401573 0.709365 0.325311 0.568008 2
0 0.401258 0.709564 0.325245 0.569267 2
0 0.400503 0.711324 0.326749 0.564296 2
0 0.399999 0.712571 0.327974 0.558563 2
0 0.391491 0.717209 0.316404 0.552835 2
0 0.382835 0.725525 0.314197 0.530988 2
0 0.374784 0.728966 0.293586 0.518099 2
0 0.371377 0.728479 0.288867 0.519418 2
0 0.381142 0.718752 0.299106 0.546854 2
0 0.398862 0.700409 0.305464 0.573631 2
0 0.404318 0.693159 0.308484 0.583026 2
0 0.403543 0.700918 0.329536 0.578333 2
0 0.403289 0.704041 0.337492 0.576894 2
0 0.410148 0.694603 0.320742 0.58181 2
0 0.40663 0.702483 0.33401 0.580976 2
0 0.404388 0.705565 0.337375 0.580082 2
0 0.403559 0.706657 0.338555 0.579733 2
0 0.403002 0.707213 0.339952 0.579076 2
0 0.40294 0.707316 0.339752 0.577508 2
0 0.402752 0.707459 0.339976 0.578843 2
0 0.402574 0.707423 0.339882 0.579838 2
0 0.402604 0.707574 0.339042 0.580101 2
0 0.40283 0.707662 0.339991 0.579827 2
0 0.402982 0.707375 0.340223 0.580439 2
0 0.403224 0.707485 0.339231 0.579932 2
0 0.403402 0.707768 0.337218 0.578666 2
0 0.403353 0.707928 0.336734 0.577894 2
0 0.402963 0.70782 0.335146 0.577438 2
0 0.404604 0.711878 0.320504 0.567448 2
0 0.407306 0.719564 0.308717 0.542388 2
0 0.418679 0.716739 0.319546 0.548177 2
0 0.431056 0.712195 0.309078 0.562549 2
0 0.4357 0.710509 0.305026 0.56855 2
0 0.433435 0.710086 0.31012 0.574216 2
0 0.431009 0.70864 0.317886 0.578808 2
0 0.425831 0.70957 0.319806 0.567251 2
0 0.426206 0.708636 0.326699 0.574033 2
0 0.429314 0.707047 0.325787 0.5829 2
0 0.434037 0.70658 0.316732 0.577265 2
0 0.433809 0.706077 0.316601 0.572232 2
0 0.434509 0.706881 0.315451 0.575064 2
0 0.451832 0.694424 0.309086 0.565546 2
0 0.459594 0.689905 0.309622 0.566062 2
0 0.452253 0.689964 0.317015 0.577434 2
0 0.436951 0.700598 0.327294 0.576322 2
0 0.439442 0.692786 0.310347 0.584042 2
0 0.444677 0.688367 0.321678 0.592236 2
0 0.443267 0.689178 0.305094 0.590756 2
0 0.434436 0.699443 0.319092 0.588652 2
0 0.431623 0.703269 0.323885 0.587163 2
0 0.429618 0.70574 0.325703 0.585065 2
0 0.43873 0.69455 0.319403 0.586081 2
0 0.444157 0.690909 0.319141 0.587023 2
0 0.446244 0.688698 0.322735 0.592597 2
0 0.442211 0.688677 0.31067 0.592079 2
0 0.449912 0.686857 0.319305 0.593363 2
0 0.456577 0.686902 0.320899 0.593813 2
0 0.4582 0.685126 0.325431 0.593094 2
0 0.443289 0.686528 0.319695 0.592694 2
0 0.437021 0.686916 0.317406 0.592617 2
0 0.443276 0.686757 0.329875 0.596661 2
0 0.448998 0.684785 0.339312 0.597313 2
0 0.450296 0.684331 0.341629 0.597199 2
0 0.450782 0.684754 0.339449 0.59432 2
0 0.44559 0.684926 0.336627 0.59706 2
0 0.438422 0.683925 0.327339 0.595402 2
0 0.437661 0.684692 0.319624 0.593527 2
0 0.445383 0.685754 0.331111 0.592215 2
0 0.447859 0.686478 0.33428 0.589177 2
0 0.44739 0.685735 0.334046 0.591557 2
0 0.444727 0.685963 0.330075 0.595095 2
0 0.440989 0.685145 0.317249 0.595551 2
0 0.44216 0.685731 0.32261 0.596592 2
0 0.444251 0.686519 0.326449 0.595868 2
0 0.445203 0.686541 0.328507 0.596894 2
0 0.446601 0.686865 0.326527 0.590983 2
0 0.446989 0.688113 0.324261 0.58565 2
0 0.448125 0.687601 0.330721 0.585216 2
0 0.448348 0.687958 0.332459 0.583239 2
0 0.448109 0.687488 0.332446 0.585296 2
0 0.446355 0.689119 0.326212 0.586388 2
0 0.431278 0.703026 0.3349 0.569539 2
0 0.413676 0.711097 0.325566 0.544622 2
0 0.404472 0.718536 0.326854 0.527542 2
0 0.400718 0.722435 0.327359 0.520297 2
0 0.390635 0.729241 0.315291 0.513943 2
0 0.384895 0.724848 0.319579 0.525853 2
0 0.399258 0.700423 0.326168 0.55827 2
0 0.406341 0.690748 0.327318 0.569752 2
0 0.403996 0.699951 0.348363 0.566391 2
0 0.416224 0.687727 0.361612 0.594724 2
0 0.419628 0.684863 0.367396 0.603371 2
0 0.408067 0.700791 0.361232 0.584849 2
0 0.403763 0.706449 0.358281 0.577618 2
0 0.401759 0.710944 0.353272 0.564157 2
0 0.399563 0.713586 0.350357 0.559512 2
0 0.39747 0.715667 0.347165 0.555024 2
0 0.397511 0.716509 0.347822 0.553447 2
0 0.399134 0.715385 0.346243 0.559695 2
0 0.405334 0.699038 0.332245 0.568542 2
0 0.400926 0.706817 0.344361 0.566005 2
0 0.398605 0.711659 0.347586 0.559322 2
0 0.399183 0.712002 0.34764 0.560235 2
0 0.400695 0.710842 0.345887 0.560321 2
0 0.4011 0.709534 0.344202 0.561035 2
0 0.401361 0.707839 0.345697 0.564901 2
0 0.401336 0.708331 0.343016 0.562208 2
0 0.401575 0.707488 0.339113 0.565863 2
0 0.402858 0.706267 0.339366 0.570809 2
0 0.402369 0.708593 0.336374 0.571842 2
0 0.402327 0.711618 0.335372 0.564405 2
0 0.402902 0.713713 0.332767 0.559694 2
0 0.403041 0.713851 0.33093 0.559728 2
0 0.403094 0.715394 0.330762 0.553168 2
0 0.403043 0.717107 0.329559 0.544608 2
0 0.402051 0.716767 0.333434 0.544067 2
0 0.40124 0.717056 0.336457 0.547762 2
0 0.40034 0.71993 0.338437 0.547409 2
0 0.404089 0.715122 0.326289 0.556861 2
0 0.423512 0.69713 0.326269 0.581365 2
0 0.40581 0.716736 0.304696 0.551564 2
0 0.416663 0.712156 0.333615 0.549354 2
0 0.411804 0.712152 0.323556 0.541758 2
0 0.409206 0.711411 0.318591 0.547735 2
0 0.416451 0.710933 0.326439 0.547583 2
0 0.419035 0.710998 0.328633 0.548643 2
0 0.420254 0.711207 0.330666 0.549035 2
0 0.421228 0.711233 0.331943 0.548902 2
0 0.421501 0.71124 0.332136 0.548561 2
0 0.42074 0.710744 0.330881 0.546522 2
0 0.425932 0.707784 0.333385 0.571086 2
0 0.435022 0.69642 0.314103 0.582584 2
0 0.433892 0.690903 0.309159 0.582806 2
0 0.434007 0.688572 0.308155 0.583027 2
0 0.434797 0.686039 0.312778 0.584301 2
0 0.425595 0.700216 0.330725 0.568449 2
0 0.410969 0.714753 0.316521 0.531631 2
0 0.421526 0.709305 0.317378 0.561247 2
0 0.442223 0.699636 0.304264 0.57057 2
0 0.417986 0.726421 0.290375 0.51145 2
0 0.415154 0.733115 0.25783 0.510593 2
0 0.418369 0.734849 0.268395 0.518085 2
0 0.418411 0.734943 0.271985 0.521547 2
0 0.42345 0.730406 0.252465 0.524473 2
0 0.427665 0.729368 0.242654 0.526185 2
0 0.430378 0.728739 0.240171 0.528217 2
0 0.441659 0.728644 0.234703 0.532407 2
0 0.429767 0.736849 0.264839 0.517689 2
0 0.352941 0.681102 0.328295 0.557274
0 0.345868 0.684942 0.357732 0.577814
0 0.343729 0.649567 0.360865 0.571462
0 0.34566 0.648411 0.35312 0.577635
0 0.346818 0.649242 0.34796 0.57917
0 0.346433 0.649417 0.35041 0.579041
0 0.346175 0.646861 0.359184 0.592085
0 0.343431 0.672547 0.411371 0.654906
0 0.369066 0.668421 0.393435 0.663159
0 0.354277 0.641622 0.338815 0.632213
0 0.353905 0.642002 0.338086 0.626542
